280 582375.6933042583
380 343558.34314578614
480 278719.58221811976
580 278719.58221811976
680 199764.2822100497
780 199764.2822100497
880 199764.2822100497
980 199764.2822100497
1080 199764.2822100497
1180 98892.34762828251
1280 98892.34762828251
1380 98892.34762828251
1480 98892.34762828251
1580 98892.34762828251
1680 98892.34762828251
1780 98892.34762828251
1880 98892.34762828251
1980 98892.34762828251
2080 98892.34762828251
2180 98892.34762828251
2280 98892.34762828251
2380 98892.34762828251
2480 98892.34762828251
2580 98892.34762828251
2680 98892.34762828251
2780 98892.34762828251
2880 93410.1747664573
2980 93410.1747664573
3080 93410.1747664573
3180 93410.1747664573
3280 83236.88415438624
3380 83236.88415438624
3480 52614.3915452378
3580 52614.3915452378
3680 52614.3915452378
3780 52614.3915452378
3880 52614.3915452378
3980 52614.3915452378
4080 52614.3915452378
4180 47715.750058816804
4280 47715.750058816804
4380 27761.027534194043
4480 27761.027534194043
4580 27761.027534194043
4680 27761.027534194043
4780 27761.027534194043
4880 27761.027534194043
4980 27761.027534194043
5080 27761.027534194043
5180 27761.027534194043
5280 15048.925675429593
5380 15048.925675429593
5480 15048.925675429593
5580 15048.925675429593
5680 15048.925675429593
5780 15048.925675429593
5880 15048.925675429593
5980 15048.925675429593
6080 15048.925675429593
6180 15048.925675429593
6280 15048.925675429593
6380 15048.925675429593
6480 15048.925675429593
6580 15048.925675429593
6680 15048.925675429593
6780 15048.925675429593
6880 15048.925675429593
6980 15048.925675429593
7080 10146.402100160481
7180 10146.402100160481
7280 6892.32665298802
7380 6892.32665298802
7480 6892.32665298802
7580 6892.32665298802
7680 6892.32665298802
7780 6892.32665298802
7880 6892.32665298802
7980 6892.32665298802
8080 6892.32665298802
8180 6892.32665298802
8280 6892.32665298802
8380 6892.32665298802
8480 6892.32665298802
8580 6892.32665298802
8680 6892.32665298802
8780 6892.32665298802
8880 6892.32665298802
8980 6892.32665298802
9080 6892.32665298802
9180 6892.32665298802
9280 6892.32665298802
9380 6892.32665298802
9480 4547.745224851911
9580 3468.528304839642
9680 3468.528304839642
9780 3468.528304839642
9880 3468.528304839642
9980 3468.528304839642
10080 3468.528304839642
10180 3468.528304839642
10280 3468.528304839642
10380 3468.528304839642
10480 3468.528304839642
10580 3468.528304839642
10680 3468.528304839642
10780 3468.528304839642
10880 3468.528304839642
10980 3468.528304839642
11080 2647.7862575422096
11180 2647.7862575422096
11280 2647.7862575422096
11380 2647.7862575422096
11480 2647.7862575422096
11580 2647.7862575422096
11680 2100.694268549973
11780 1942.7240094939566
11880 1942.7240094939566
11980 1942.7240094939566
12080 1909.562505918092
12180 1623.9675103488148
12280 1623.9675103488148
12380 1565.882193309505
12480 1565.882193309505
12580 1565.882193309505
12680 1201.9436908933283
12780 1201.9436908933283
12880 1201.9436908933283
12980 1201.9436908933283
13080 1161.1215271577703
13180 1161.1215271577703
13280 737.9193900011593
13380 737.9193900011593
13480 737.9193900011593
13580 737.9193900011593
13680 501.33644093799506
13780 501.33644093799506
13880 501.33644093799506
13980 501.33644093799506
14080 501.33644093799506
14180 501.33644093799506
14280 501.33644093799506
14380 501.33644093799506
14480 501.33644093799506
14580 501.33644093799506
14680 484.3453277554781
14780 484.3453277554781
14880 484.3453277554781
14980 484.3453277554781
15080 484.3453277554781
15180 484.3453277554781
15280 484.3453277554781
15380 484.3453277554781
15480 484.3453277554781
15580 395.4205821392887
15680 330.6596337778841
15780 330.6596337778841
15880 325.805826151394
15980 325.805826151394
16080 309.09993107121187
16180 309.09993107121187
16280 309.09993107121187
16380 309.09993107121187
16480 309.09993107121187
16580 309.09993107121187
16680 231.58689166682677
16780 231.58689166682677
16880 178.49596688070423
16980 178.49596688070423
17080 178.49596688070423
17180 178.49596688070423
17280 178.49596688070423
17380 178.49596688070423
17480 131.4726075920842
17580 131.4726075920842
17680 131.4726075920842
17780 131.4726075920842
17880 131.4726075920842
17980 131.4726075920842
18080 131.4726075920842
18180 118.01572243753998
18280 118.01572243753998
18380 118.01572243753998
18480 118.01572243753998
18580 118.01572243753998
18680 118.01572243753998
18780 118.01572243753998
18880 118.01572243753998
18980 118.01572243753998
19080 92.61990435774285
19180 92.61990435774285
19280 87.57409680936672
19380 87.57409680936672
19480 87.57409680936672
19580 34.749144258002644
19680 34.749144258002644
19780 34.749144258002644
19880 34.749144258002644
19980 34.749144258002644
20080 34.749144258002644
20180 34.749144258002644
20280 34.749144258002644
20380 34.749144258002644
20480 34.749144258002644
20580 34.749144258002644
20680 34.749144258002644
20780 34.749144258002644
20880 34.749144258002644
20980 34.749144258002644
21080 34.749144258002644
21180 34.749144258002644
21280 34.749144258002644
21380 34.749144258002644
21480 34.749144258002644
21580 27.202557990320052
21680 27.202557990320052
21780 27.202557990320052
21880 23.340196812701496
21980 23.340196812701496
22080 23.340196812701496
22180 23.340196812701496
22280 23.340196812701496
22380 23.340196812701496
22480 22.48704683360309
22580 22.48704683360309
22680 15.384875284286244
22780 15.384875284286244
22880 15.384875284286244
22980 15.384875284286244
23080 15.384875284286244
23180 11.413653998399942
23280 11.413653998399942
23380 11.413653998399942
23480 11.413653998399942
23580 11.413653998399942
23680 11.413653998399942
23780 11.413653998399942
23880 11.413653998399942
23980 10.833752264958559
24080 10.833752264958559
24180 10.833752264958559
24280 10.147562577631232
24380 10.147562577631232
24480 10.147562577631232
24580 10.147562577631232
24680 10.147562577631232
24780 10.147562577631232
24880 9.604299976834037
24980 8.48741823390677
25080 8.48741823390677
25180 5.265648712202733
25280 5.265648712202733
25380 5.265648712202733
25480 5.265648712202733
25580 5.265648712202733
25680 5.265648712202733
25780 5.265648712202733
25880 5.265648712202733
25980 4.8092076544873805
26080 4.8092076544873805
26180 4.8092076544873805
26280 4.599190979348604
26380 3.1491594020115126
26480 3.1491594020115126
26580 3.1491594020115126
26680 3.1491594020115126
26780 3.1491594020115126
26880 2.5357436811206733
26980 2.5357436811206733
27080 2.5357436811206733
27180 2.5357436811206733
27280 2.5357436811206733
27380 1.932608331875988
27480 1.932608331875988
27580 1.932608331875988
27680 1.932608331875988
27780 1.357494820837944
27880 1.357494820837944
27980 1.357494820837944
28080 1.357494820837944
28180 1.357494820837944
28280 1.357494820837944
28380 1.357494820837944
28480 1.357494820837944
28580 1.357494820837944
28680 1.357494820837944
28780 1.357494820837944
28880 1.357494820837944
28980 1.357494820837944
29080 1.357494820837944
29180 1.357494820837944
29280 1.357494820837944
29380 1.3377785639094817
29480 1.144332313802495
29580 1.144332313802495
29680 1.144332313802495
29780 1.144332313802495
29880 1.144332313802495
29980 1.144332313802495
30080 1.144332313802495
30180 1.144332313802495
30280 0.7574549477503743
30380 0.7574549477503743
30480 0.7574549477503743
30580 0.7574549477503743
30680 0.7574549477503743
30780 0.7574549477503743
30880 0.7574549477503743
30980 0.7574549477503743
31080 0.6228857788185329
31180 0.5946115745715382
31280 0.5946115745715382
31380 0.5946115745715382
31480 0.5946115745715382
31580 0.5450542248280809
31680 0.5450542248280809
31780 0.49347241011308624
31880 0.49347241011308624
31980 0.49347241011308624
32080 0.49347241011308624
32180 0.49347241011308624
32280 0.38832469678287074
32380 0.3577074857616554
32480 0.3577074857616554
32580 0.3577074857616554
32680 0.3577074857616554
32780 0.3577074857616554
32880 0.30532860061486145
32980 0.30532860061486145
33080 0.30532860061486145
33180 0.30532860061486145
33280 0.30532860061486145
33380 0.30532860061486145
33480 0.26804439249632733
33580 0.21442504330069623
33680 0.21442504330069623
33780 0.21442504330069623
33880 0.21442504330069623
33980 0.21442504330069623
34080 0.21442504330069623
34180 0.2118866841114197
34280 0.2118866841114197
34380 0.2118866841114197
34480 0.2118866841114197
34580 0.11315094108027313
34680 0.11315094108027313
34780 0.11315094108027313
34880 0.11315094108027313
34980 0.11315094108027313
35080 0.11315094108027313
35180 0.11315094108027313
35280 0.11315094108027313
35380 0.11315094108027313
35480 0.11315094108027313
35580 0.11315094108027313
35680 0.11315094108027313
35780 0.11315094108027313
35880 0.11315094108027313
35980 0.0979229003604914
36080 0.0979229003604914
36180 0.0979229003604914
36280 0.0979229003604914
36380 0.0979229003604914
36480 0.0979229003604914
36580 0.07946441420848233
36680 0.07946441420848233
36780 0.07946441420848233
36880 0.07946441420848233
36980 0.07725834024965574
37080 0.05975107674232634
37180 0.05975107674232634
37280 0.05975107674232634
37380 0.05975107674232634
37480 0.05975107674232634
37580 0.05975107674232634
37680 0.05975107674232634
37780 0.05975107674232634
37880 0.05975107674232634
37980 0.04521432946097633
38080 0.04521432946097633
38180 0.04521432946097633
38280 0.04521432946097633
38380 0.04521432946097633
38480 0.04521432946097633
38580 0.04324241796051587
38680 0.04196945606503417
38780 0.04196945606503417
38880 0.04196945606503417
38980 0.04196945606503417
39080 0.04196945606503417
39180 0.04196945606503417
39280 0.04196945606503417
39380 0.04196945606503417
39480 0.04196945606503417
39580 0.031623116205007615
39680 0.031623116205007615
39780 0.031623116205007615
39880 0.031623116205007615
39980 0.031623116205007615
40080 0.031623116205007615
40180 0.031623116205007615
40280 0.031623116205007615
40380 0.031623116205007615
40480 0.03060482439143107
40580 0.03060482439143107
40680 0.02337283673676174
40780 0.02337283673676174
40880 0.02337283673676174
40980 0.02337283673676174
41080 0.02337283673676174
41180 0.02051859416255372
41280 0.018520772893907744
41380 0.018520772893907744
41480 0.018520772893907744
41580 0.018520772893907744
41680 0.018520772893907744
41780 0.013067027638769543
41880 0.013067027638769543
41980 0.013067027638769543
42080 0.013067027638769543
42180 0.011979801837372366
42280 0.011979801837372366
42380 0.010407761142655465
42480 0.010407761142655465
42580 0.010407761142655465
42680 0.009872277827955557
42780 0.009872277827955557
42880 0.009872277827955557
42980 0.009872277827955557
43080 0.009872277827955557
43180 0.006750948435094922
43280 0.006750948435094922
43380 0.006750948435094922
43480 0.006750948435094922
43580 0.006750948435094922
43680 0.0063731187794989095
43780 0.0063731187794989095
43880 0.0063731187794989095
43980 0.0063731187794989095
44080 0.0063731187794989095
44180 0.0063731187794989095
44280 0.004212137558829505
44380 0.004212137558829505
44480 0.004212137558829505
44580 0.004212137558829505
44680 0.004212137558829505
44780 0.004212137558829505
44880 0.0038363541194873793
44980 0.0038363541194873793
45080 0.0038363541194873793
45180 0.0036639463874679405
45280 0.0036639463874679405
45380 0.002657406359592203
45480 0.002657406359592203
45580 0.002657406359592203
45680 0.002657406359592203
45780 0.002657406359592203
45880 0.002657406359592203
45980 0.002657406359592203
46080 0.002657406359592203
46180 0.002657406359592203
46280 0.002657406359592203
46380 0.002657406359592203
46480 0.002657406359592203
46580 0.002657406359592203
46680 0.0019384600473393177
46780 0.0019384600473393177
46880 0.0019384600473393177
46980 0.0019384600473393177
47080 0.0019384600473393177
47180 0.0019384600473393177
47280 0.0019384600473393177
47380 0.0019384600473393177
47480 0.0019384600473393177
47580 0.0016277502486045303
47680 0.0016277502486045303
47780 0.0016277502486045303
47880 0.0014716241218406352
47980 0.0014716241218406352
48080 0.0014716241218406352
48180 0.0011793539190197923
48280 0.0010427862953934902
48380 0.0010427862953934902
48480 0.0010427862953934902
48580 8.153932882860183E-4
48680 8.153932882860183E-4
48780 8.153932882860183E-4
48880 8.153932882860183E-4
48980 8.153932882860183E-4
49080 8.153932882860183E-4
49180 6.54540743925898E-4
49280 6.54540743925898E-4
49380 5.829985884007722E-4
49480 5.829985884007722E-4
49580 5.829985884007722E-4
49680 5.829985884007722E-4
49780 5.829985884007722E-4
49880 5.829985884007722E-4
49980 5.829985884007722E-4
50080 5.829985884007722E-4
50180 5.829985884007722E-4
50280 5.478588609182547E-4
50380 5.478588609182547E-4
50480 5.478588609182547E-4
50580 5.209937189163683E-4
50680 5.209937189163683E-4
50780 5.209937189163683E-4
50880 4.7424934651525496E-4
50980 2.8918941158382087E-4
51080 2.8918941158382087E-4
51180 2.8918941158382087E-4
51280 2.8918941158382087E-4
51380 2.8918941158382087E-4
51480 2.8918941158382087E-4
51580 2.8918941158382087E-4
51680 2.8918941158382087E-4
51780 2.0148853860744949E-4
51880 2.0148853860744949E-4
51980 2.0148853860744949E-4
52080 2.0148853860744949E-4
52180 2.0148853860744949E-4
52280 2.0148853860744949E-4
52380 2.0148853860744949E-4
52480 2.0148853860744949E-4
52580 2.0148853860744949E-4
52680 2.0148853860744949E-4
52780 2.0148853860744949E-4
52880 2.0148853860744949E-4
52980 2.0148853860744949E-4
53080 2.0148853860744949E-4
53180 1.632857260221927E-4
53280 1.632857260221927E-4
53380 1.632857260221927E-4
53480 1.632857260221927E-4
53580 1.632857260221927E-4
53680 1.632857260221927E-4
53780 1.632857260221927E-4
53880 1.632857260221927E-4
53980 1.632857260221927E-4
54080 1.632857260221927E-4
54180 1.632857260221927E-4
54280 1.4656710477716726E-4
54380 1.4656710477716726E-4
54480 1.3132085502812072E-4
54580 1.3132085502812072E-4
54680 1.306576149540841E-4
54780 1.306576149540841E-4
54880 1.1993870742188423E-4
54980 1.0395003651078427E-4
55080 1.0395003651078427E-4
55180 1.0395003651078427E-4
55280 1.0395003651078427E-4
55380 1.0395003651078427E-4
55480 1.0106083499191476E-4
55580 1.0106083499191476E-4
55680 8.635241924836915E-5
55780 8.635241924836915E-5
55880 8.635241924836915E-5
55980 8.635241924836915E-5
56080 8.2897466159154E-5
56180 8.2897466159154E-5
56280 7.583073733176858E-5
56380 7.583073733176858E-5
56480 7.583073733176858E-5
56580 4.7002924885694786E-5
56680 4.7002924885694786E-5
56780 4.7002924885694786E-5
56880 4.7002924885694786E-5
56980 4.7002924885694786E-5
57080 4.199350080168031E-5
57180 4.199350080168031E-5
57280 4.199350080168031E-5
57380 4.199350080168031E-5
57480 4.199350080168031E-5
57580 4.199350080168031E-5
57680 4.199350080168031E-5
57780 4.199350080168031E-5
57880 4.199350080168031E-5
57980 2.6293749264265785E-5
58080 2.6293749264265785E-5
58180 2.6293749264265785E-5
58280 2.6293749264265785E-5
58380 2.6293749264265785E-5
58480 2.6293749264265785E-5
58580 2.6293749264265785E-5
58680 2.6293749264265785E-5
58780 2.6293749264265785E-5
58880 2.6293749264265785E-5
58980 2.1100225444167483E-5
59080 2.1100225444167483E-5
59180 2.1100225444167483E-5
59280 2.1100225444167483E-5
59380 2.1100225444167483E-5
59480 2.1100225444167483E-5
59580 2.1100225444167483E-5
59680 2.1100225444167483E-5
59780 2.1100225444167483E-5
59880 2.1100225444167483E-5
59980 2.1100225444167483E-5
60080 2.1100225444167483E-5
60180 2.1100225444167483E-5
60280 2.1100225444167483E-5
60380 2.1100225444167483E-5
60480 2.1100225444167483E-5
60580 1.3393080832669802E-5
60680 1.3393080832669802E-5
60780 1.3393080832669802E-5
60880 1.3393080832669802E-5
60980 1.3393080832669802E-5
61080 1.3393080832669802E-5
61180 1.3393080832669802E-5
61280 1.3393080832669802E-5
61380 1.214922361609186E-5
61480 9.73632414109446E-6
61580 9.73632414109446E-6
61680 9.73632414109446E-6
61780 9.73632414109446E-6
61880 9.418140024214094E-6
61980 9.418140024214094E-6
62080 8.824367649685058E-6
62180 8.824367649685058E-6
62280 8.21603619424754E-6
62380 8.21603619424754E-6
62480 8.21603619424754E-6
62580 8.21603619424754E-6
62680 7.744021417441736E-6
62780 7.712931533669644E-6
62880 7.712931533669644E-6
62980 7.712931533669644E-6
63080 7.712931533669644E-6
63180 6.490540219112378E-6
63280 6.490540219112378E-6
63380 6.490540219112378E-6
63480 5.115275027859138E-6
63580 5.115275027859138E-6
63680 5.115275027859138E-6
63780 4.079849208479679E-6
63880 4.079849208479679E-6
63980 4.079849208479679E-6
64080 4.079849208479679E-6
64180 4.079849208479679E-6
64280 4.079849208479679E-6
64380 4.079849208479679E-6
64480 3.934979449661795E-6
64580 3.934979449661795E-6
64680 3.1128407867758136E-6
64780 3.1128407867758136E-6
64880 3.1128407867758136E-6
64980 3.0065703792592933E-6
65080 3.0065703792592933E-6
65180 3.0065703792592933E-6
65280 2.541430541978815E-6
65380 2.541430541978815E-6
65480 2.283764713567176E-6
65580 2.283764713567176E-6
65680 2.283764713567176E-6
65780 2.283764713567176E-6
65880 2.283764713567176E-6
65980 1.9695204308997774E-6
66080 1.9695204308997774E-6
66180 1.9695204308997774E-6
66280 1.9695204308997774E-6
66380 1.9695204308997774E-6
66480 1.9695204308997774E-6
66580 1.821351679324963E-6
66680 1.821351679324963E-6
66780 1.4931768220829158E-6
66880 1.4931768220829158E-6
66980 1.4931768220829158E-6
67080 1.4931768220829158E-6
67180 1.4931768220829158E-6
67280 1.4931768220829158E-6
67380 1.4931768220829158E-6
67480 1.419935295886637E-6
67580 1.419935295886637E-6
67680 1.419935295886637E-6
67780 1.419935295886637E-6
67880 9.453511675210495E-7
67980 9.453511675210495E-7
68080 8.860866822426326E-7
68180 5.3565255636262E-7
68280 5.3565255636262E-7
68380 5.3565255636262E-7
68480 5.3565255636262E-7
68580 5.3565255636262E-7
68680 5.3565255636262E-7
68780 5.3565255636262E-7
68880 5.3565255636262E-7
68980 5.3565255636262E-7
69080 5.3565255636262E-7
69180 5.3565255636262E-7
69280 4.4813760568665534E-7
69380 4.4813760568665534E-7
69480 4.4813760568665534E-7
69580 4.2910858551708557E-7
69680 4.2910858551708557E-7
69780 4.2910858551708557E-7
69880 4.2910858551708557E-7
69980 4.2910858551708557E-7
70080 3.7578199762220773E-7
70180 3.7578199762220773E-7
70280 3.7578199762220773E-7
70380 3.7578199762220773E-7
70480 3.7578199762220773E-7
70580 3.7578199762220773E-7
70680 3.5357417291188026E-7
70780 3.5357417291188026E-7
70880 3.5357417291188026E-7
70980 3.2044761560146514E-7
71080 2.645629275531166E-7
71180 2.645629275531166E-7
71280 2.645629275531166E-7
71380 2.645629275531166E-7
71480 2.645629275531166E-7
71580 2.645629275531166E-7
71680 1.7877003166399015E-7
71780 1.7877003166399015E-7
71880 1.7877003166399015E-7
71980 1.7877003166399015E-7
72080 1.7877003166399015E-7
72180 1.7877003166399015E-7
72280 1.7877003166399015E-7
72380 9.574504208829749E-8
